500
(300.0, 200.0), (450.0, 350.0), 15.0, -15.0, 0
(301.0, 200.0), (451.0, 350.0), 15.0, -15.0, 0
(302.0, 200.0), (452.0, 350.0), 15.0, -15.0, 0
(303.0, 200.0), (453.0, 350.0), 15.0, -15.0, 0
(304.0, 200.0), (454.0, 350.0), 15.0, -15.0, 0
(305.0, 200.0), (455.0, 350.0), 15.0, -15.0, 0
(306.0, 200.0), (456.0, 350.0), 15.0, -15.0, 0
(307.0, 200.0), (457.0, 350.0), 15.0, -15.0, 0
(308.0, 200.0), (458.0, 350.0), 15.0, -15.0, 0
(309.0, 200.0), (459.0, 350.0), 15.0, -15.0, 0
(310.0, 200.0), (460.0, 350.0), 15.0, -15.0, 0
(311.0, 200.0), (461.0, 350.0), 15.0, -15.0, 0
(312.0, 200.0), (462.0, 350.0), 15.0, -15.0, 0
(313.0, 200.0), (463.0, 350.0), 15.0, -15.0, 0
(314.0, 200.0), (464.0, 350.0), 15.0, -15.0, 0
(315.0, 200.0), (465.0, 350.0), 15.0, -15.0, 0
(316.0, 200.0), (466.0, 350.0), 15.0, -15.0, 0
(317.0, 200.0), (467.0, 350.0), 15.0, -15.0, 0
(318.0, 200.0), (468.0, 350.0), 15.0, -15.0, 0
(319.0, 200.0), (469.0, 350.0), 15.0, -15.0, 0
(320.0, 200.0), (470.0, 350.0), 15.0, -15.0, 0
(321.0, 200.0), (471.0, 350.0), 15.0, -15.0, 0
(322.0, 200.0), (472.0, 350.0), 15.0, -15.0, 0
(323.0, 200.0), (473.0, 350.0), 15.0, -15.0, 0
(324.0, 200.0), (474.0, 350.0), 15.0, -15.0, 0
(325.0, 200.0), (475.0, 350.0), 15.0, -15.0, 0
(326.0, 200.0), (476.0, 350.0), 15.0, -15.0, 0
(327.0, 200.0), (477.0, 350.0), 15.0, -15.0, 0
(328.0, 200.0), (478.0, 350.0), 15.0, -15.0, 0
(329.0, 200.0), (479.0, 350.0), 15.0, -15.0, 0
(330.0, 200.0), (480.0, 350.0), 15.0, -15.0, 0
(331.0, 200.0), (481.0, 350.0), 15.0, -15.0, 0
(332.0, 200.0), (482.0, 350.0), 15.0, -15.0, 0
(333.0, 200.0), (483.0, 350.0), 15.0, -15.0, 0
(334.0, 200.0), (484.0, 350.0), 15.0, -15.0, 0
(335.0, 200.0), (485.0, 350.0), 15.0, -15.0, 0
(336.0, 200.0), (486.0, 350.0), 15.0, -15.0, 0
(337.0, 200.0), (487.0, 350.0), 15.0, -15.0, 0
(338.0, 200.0), (488.0, 350.0), 15.0, -15.0, 0
(339.0, 200.0), (489.0, 350.0), 15.0, -15.0, 0
(340.0, 200.0), (490.0, 350.0), 15.0, -15.0, 0
(341.0, 200.0), (491.0, 350.0), 15.0, -15.0, 0
(342.0, 200.0), (492.0, 350.0), 15.0, -15.0, 0
(343.0, 200.0), (493.0, 350.0), 15.0, -15.0, 0
(344.0, 200.0), (494.0, 350.0), 15.0, -15.0, 0
(345.0, 200.0), (495.0, 350.0), 15.0, -15.0, 0
(346.0, 200.0), (496.0, 350.0), 15.0, -15.0, 0
(347.0, 200.0), (497.0, 350.0), 15.0, -15.0, 0
(348.0, 200.0), (498.0, 350.0), 15.0, -15.0, 0
(349.0, 200.0), (499.0, 350.0), 15.0, -15.0, 0
(350.0, 200.0), (500.0, 350.0), 15.0, -15.0, 0
(351.0, 200.0), (501.0, 350.0), 15.0, -15.0, 0
(352.0, 200.0), (502.0, 350.0), 15.0, -15.0, 0
(353.0, 200.0), (503.0, 350.0), 15.0, -15.0, 0
(354.0, 200.0), (504.0, 350.0), 15.0, -15.0, 0
(355.0, 200.0), (505.0, 350.0), 15.0, -15.0, 0
(356.0, 200.0), (506.0, 350.0), 15.0, -15.0, 0
(357.0, 200.0), (507.0, 350.0), 15.0, -15.0, 0
(358.0, 200.0), (508.0, 350.0), 15.0, -15.0, 0
(359.0, 200.0), (509.0, 350.0), 15.0, -15.0, 0
(360.0, 200.0), (510.0, 350.0), 15.0, -15.0, 0
(361.0, 200.0), (511.0, 350.0), 15.0, -15.0, 0
(362.0, 200.0), (512.0, 350.0), 15.0, -15.0, 0
(363.0, 200.0), (513.0, 350.0), 15.0, -15.0, 0
(364.0, 200.0), (514.0, 350.0), 15.0, -15.0, 0
(365.0, 200.0), (515.0, 350.0), 15.0, -15.0, 0
(366.0, 200.0), (516.0, 350.0), 15.0, -15.0, 0
(367.0, 200.0), (517.0, 350.0), 15.0, -15.0, 0
(368.0, 200.0), (518.0, 350.0), 15.0, -15.0, 0
(369.0, 200.0), (519.0, 350.0), 15.0, -15.0, 0
(370.0, 200.0), (520.0, 350.0), 15.0, -15.0, 0
(371.0, 200.0), (521.0, 350.0), 15.0, -15.0, 0
(372.0, 200.0), (522.0, 350.0), 15.0, -15.0, 0
(373.0, 200.0), (523.0, 350.0), 15.0, -15.0, 0
(374.0, 200.0), (524.0, 350.0), 15.0, -15.0, 0
(375.0, 200.0), (525.0, 350.0), 15.0, -15.0, 0
(376.0, 200.0), (526.0, 350.0), 15.0, -15.0, 0
(377.0, 200.0), (527.0, 350.0), 15.0, -15.0, 0
(378.0, 200.0), (528.0, 350.0), 15.0, -15.0, 0
(379.0, 200.0), (529.0, 350.0), 15.0, -15.0, 0
(380.0, 200.0), (530.0, 350.0), 15.0, -15.0, 0
(381.0, 200.0), (531.0, 350.0), 15.0, -15.0, 0
(382.0, 200.0), (532.0, 350.0), 15.0, -15.0, 0
(383.0, 200.0), (533.0, 350.0), 15.0, -15.0, 0
(384.0, 200.0), (534.0, 350.0), 15.0, -15.0, 0
(385.0, 200.0), (535.0, 350.0), 15.0, -15.0, 0
(386.0, 200.0), (536.0, 350.0), 15.0, -15.0, 0
(387.0, 200.0), (537.0, 350.0), 15.0, -15.0, 0
(388.0, 200.0), (538.0, 350.0), 15.0, -15.0, 0
(389.0, 200.0), (539.0, 350.0), 15.0, -15.0, 0
(390.0, 200.0), (540.0, 350.0), 15.0, -15.0, 0
(391.0, 200.0), (541.0, 350.0), 15.0, -15.0, 0
(392.0, 200.0), (542.0, 350.0), 15.0, -15.0, 0
(393.0, 200.0), (543.0, 350.0), 15.0, -15.0, 0
(394.0, 200.0), (544.0, 350.0), 15.0, -15.0, 0
(395.0, 200.0), (545.0, 350.0), 15.0, -15.0, 0
(396.0, 200.0), (546.0, 350.0), 15.0, -15.0, 0
(397.0, 200.0), (547.0, 350.0), 15.0, -15.0, 0
(398.0, 200.0), (548.0, 350.0), 15.0, -15.0, 0
(399.0, 200.0), (549.0, 350.0), 15.0, -15.0, 0
(400.0, 200.0), (550.0, 350.0), 15.0, -15.0, 0
(401.0, 200.0), (551.0, 350.0), 15.0, -15.0, 0
(402.0, 200.0), (552.0, 350.0), 15.0, -15.0, 0
(403.0, 200.0), (553.0, 350.0), 15.0, -15.0, 0
(404.0, 200.0), (554.0, 350.0), 15.0, -15.0, 0
(405.0, 200.0), (555.0, 350.0), 15.0, -15.0, 0
(406.0, 200.0), (556.0, 350.0), 15.0, -15.0, 0
(407.0, 200.0), (557.0, 350.0), 15.0, -15.0, 0
(408.0, 200.0), (558.0, 350.0), 15.0, -15.0, 0
(409.0, 200.0), (559.0, 350.0), 15.0, -15.0, 0
(410.0, 200.0), (560.0, 350.0), 15.0, -15.0, 0
(411.0, 200.0), (561.0, 350.0), 15.0, -15.0, 0
(412.0, 200.0), (562.0, 350.0), 15.0, -15.0, 0
(413.0, 200.0), (563.0, 350.0), 15.0, -15.0, 0
(414.0, 200.0), (564.0, 350.0), 15.0, -15.0, 0
(415.0, 200.0), (565.0, 350.0), 15.0, -15.0, 0
(416.0, 200.0), (566.0, 350.0), 15.0, -15.0, 0
(417.0, 200.0), (567.0, 350.0), 15.0, -15.0, 0
(418.0, 200.0), (568.0, 350.0), 15.0, -15.0, 0
(419.0, 200.0), (569.0, 350.0), 15.0, -15.0, 0
(420.0, 200.0), (570.0, 350.0), 15.0, -15.0, 0
(421.0, 200.0), (571.0, 350.0), 15.0, -15.0, 0
(422.0, 200.0), (572.0, 350.0), 15.0, -15.0, 0
(423.0, 200.0), (573.0, 350.0), 15.0, -15.0, 0
(424.0, 200.0), (574.0, 350.0), 15.0, -15.0, 0
(425.0, 200.0), (575.0, 350.0), 15.0, -15.0, 0
(426.0, 200.0), (576.0, 350.0), 15.0, -15.0, 0
(427.0, 200.0), (577.0, 350.0), 15.0, -15.0, 0
(428.0, 200.0), (578.0, 350.0), 15.0, -15.0, 0
(429.0, 200.0), (579.0, 350.0), 15.0, -15.0, 0
(430.0, 200.0), (580.0, 350.0), 15.0, -15.0, 0
(431.0, 200.0), (581.0, 350.0), 15.0, -15.0, 0
(432.0, 200.0), (582.0, 350.0), 15.0, -15.0, 0
(433.0, 200.0), (583.0, 350.0), 15.0, -15.0, 0
(434.0, 200.0), (584.0, 350.0), 15.0, -15.0, 0
(435.0, 200.0), (585.0, 350.0), 15.0, -15.0, 0
(436.0, 200.0), (586.0, 350.0), 15.0, -15.0, 0
(437.0, 200.0), (587.0, 350.0), 15.0, -15.0, 0
(438.0, 200.0), (588.0, 350.0), 15.0, -15.0, 0
(439.0, 200.0), (589.0, 350.0), 15.0, -15.0, 0
(440.0, 200.0), (590.0, 350.0), 15.0, -15.0, 0
(441.0, 200.0), (591.0, 350.0), 15.0, -15.0, 0
(442.0, 200.0), (592.0, 350.0), 15.0, -15.0, 0
(443.0, 200.0), (593.0, 350.0), 15.0, -15.0, 0
(444.0, 200.0), (594.0, 350.0), 15.0, -15.0, 0
(445.0, 200.0), (595.0, 350.0), 15.0, -15.0, 0
(446.0, 200.0), (596.0, 350.0), 15.0, -15.0, 0
(447.0, 200.0), (597.0, 350.0), 15.0, -15.0, 0
(448.0, 200.0), (598.0, 350.0), 15.0, -15.0, 0
(449.0, 200.0), (599.0, 350.0), 15.0, -15.0, 0
(450.0, 200.0), (600.0, 350.0), 15.0, -15.0, 0
(451.0, 200.0), (601.0, 350.0), 15.0, -15.0, 0
(452.0, 200.0), (602.0, 350.0), 15.0, -15.0, 0
(453.0, 200.0), (603.0, 350.0), 15.0, -15.0, 0
(454.0, 200.0), (604.0, 350.0), 15.0, -15.0, 0
(455.0, 200.0), (605.0, 350.0), 15.0, -15.0, 0
(456.0, 200.0), (606.0, 350.0), 15.0, -15.0, 0
(457.0, 200.0), (607.0, 350.0), 15.0, -15.0, 0
(458.0, 200.0), (608.0, 350.0), 15.0, -15.0, 0
(459.0, 200.0), (609.0, 350.0), 15.0, -15.0, 0
(460.0, 200.0), (610.0, 350.0), 15.0, -15.0, 0
(461.0, 200.0), (611.0, 350.0), 15.0, -15.0, 0
(462.0, 200.0), (612.0, 350.0), 15.0, -15.0, 0
(463.0, 200.0), (613.0, 350.0), 15.0, -15.0, 0
(464.0, 200.0), (614.0, 350.0), 15.0, -15.0, 0
(465.0, 200.0), (615.0, 350.0), 15.0, -15.0, 0
(466.0, 200.0), (616.0, 350.0), 15.0, -15.0, 0
(467.0, 200.0), (617.0, 350.0), 15.0, -15.0, 0
(468.0, 200.0), (618.0, 350.0), 15.0, -15.0, 0
(469.0, 200.0), (619.0, 350.0), 15.0, -15.0, 0
(470.0, 200.0), (620.0, 350.0), 15.0, -15.0, 0
(471.0, 200.0), (621.0, 350.0), 15.0, -15.0, 0
(472.0, 200.0), (622.0, 350.0), 15.0, -15.0, 0
(473.0, 200.0), (623.0, 350.0), 15.0, -15.0, 0
(474.0, 200.0), (624.0, 350.0), 15.0, -15.0, 0
(475.0, 200.0), (625.0, 350.0), 15.0, -15.0, 0
(476.0, 200.0), (626.0, 350.0), 15.0, -15.0, 0
(477.0, 200.0), (627.0, 350.0), 15.0, -15.0, 0
(478.0, 200.0), (628.0, 350.0), 15.0, -15.0, 0
(479.0, 200.0), (629.0, 350.0), 15.0, -15.0, 0
(480.0, 200.0), (630.0, 350.0), 15.0, -15.0, 0
(481.0, 200.0), (631.0, 350.0), 15.0, -15.0, 0
(482.0, 200.0), (632.0, 350.0), 15.0, -15.0, 0
(483.0, 200.0), (633.0, 350.0), 15.0, -15.0, 0
(484.0, 200.0), (634.0, 350.0), 15.0, -15.0, 0
(485.0, 200.0), (635.0, 350.0), 15.0, -15.0, 0
(486.0, 200.0), (636.0, 350.0), 15.0, -15.0, 0
(487.0, 200.0), (637.0, 350.0), 15.0, -15.0, 0
(488.0, 200.0), (638.0, 350.0), 15.0, -15.0, 0
(489.0, 200.0), (639.0, 350.0), 15.0, -15.0, 0
(490.0, 200.0), (640.0, 350.0), 15.0, -15.0, 0
(491.0, 200.0), (641.0, 350.0), 15.0, -15.0, 0
(492.0, 200.0), (642.0, 350.0), 15.0, -15.0, 0
(493.0, 200.0), (643.0, 350.0), 15.0, -15.0, 0
(494.0, 200.0), (644.0, 350.0), 15.0, -15.0, 0
(495.0, 200.0), (645.0, 350.0), 15.0, -15.0, 0
(496.0, 200.0), (646.0, 350.0), 15.0, -15.0, 0
(497.0, 200.0), (647.0, 350.0), 15.0, -15.0, 0
(498.0, 200.0), (648.0, 350.0), 15.0, -15.0, 0
(499.0, 200.0), (649.0, 350.0), 15.0, -15.0, 0
(500.0, 200.0), (650.0, 350.0), 15.0, -15.0, 0
(501.0, 200.0), (651.0, 350.0), 15.0, -15.0, 0
(502.0, 200.0), (652.0, 350.0), 15.0, -15.0, 0
(503.0, 200.0), (653.0, 350.0), 15.0, -15.0, 0
(504.0, 200.0), (654.0, 350.0), 15.0, -15.0, 0
(505.0, 200.0), (655.0, 350.0), 15.0, -15.0, 0
(506.0, 200.0), (656.0, 350.0), 15.0, -15.0, 0
(507.0, 200.0), (657.0, 350.0), 15.0, -15.0, 0
(508.0, 200.0), (658.0, 350.0), 15.0, -15.0, 0
(509.0, 200.0), (659.0, 350.0), 15.0, -15.0, 0
(510.0, 200.0), (660.0, 350.0), 15.0, -15.0, 0
(511.0, 200.0), (661.0, 350.0), 15.0, -15.0, 0
(512.0, 200.0), (662.0, 350.0), 15.0, -15.0, 0
(513.0, 200.0), (663.0, 350.0), 15.0, -15.0, 0
(514.0, 200.0), (664.0, 350.0), 15.0, -15.0, 0
(515.0, 200.0), (665.0, 350.0), 15.0, -15.0, 0
(516.0, 200.0), (666.0, 350.0), 15.0, -15.0, 0
(517.0, 200.0), (667.0, 350.0), 15.0, -15.0, 0
(518.0, 200.0), (668.0, 350.0), 15.0, -15.0, 0
(519.0, 200.0), (669.0, 350.0), 15.0, -15.0, 0
(520.0, 200.0), (670.0, 350.0), 15.0, -15.0, 0
(521.0, 200.0), (671.0, 350.0), 15.0, -15.0, 0
(522.0, 200.0), (672.0, 350.0), 15.0, -15.0, 0
(523.0, 200.0), (673.0, 350.0), 15.0, -15.0, 0
(524.0, 200.0), (674.0, 350.0), 15.0, -15.0, 0
(525.0, 200.0), (675.0, 350.0), 15.0, -15.0, 0
(526.0, 200.0), (676.0, 350.0), 15.0, -15.0, 0
(527.0, 200.0), (677.0, 350.0), 15.0, -15.0, 0
(528.0, 200.0), (678.0, 350.0), 15.0, -15.0, 0
(529.0, 200.0), (679.0, 350.0), 15.0, -15.0, 0
(530.0, 200.0), (680.0, 350.0), 15.0, -15.0, 0
(531.0, 200.0), (681.0, 350.0), 15.0, -15.0, 0
(532.0, 200.0), (682.0, 350.0), 15.0, -15.0, 0
(533.0, 200.0), (683.0, 350.0), 15.0, -15.0, 0
(534.0, 200.0), (684.0, 350.0), 15.0, -15.0, 0
(535.0, 200.0), (685.0, 350.0), 15.0, -15.0, 0
(536.0, 200.0), (686.0, 350.0), 15.0, -15.0, 0
(537.0, 200.0), (687.0, 350.0), 15.0, -15.0, 0
(538.0, 200.0), (688.0, 350.0), 15.0, -15.0, 0
(539.0, 200.0), (689.0, 350.0), 15.0, -15.0, 0
(540.0, 200.0), (690.0, 350.0), 15.0, -15.0, 0
(541.0, 200.0), (691.0, 350.0), 15.0, -15.0, 0
(542.0, 200.0), (692.0, 350.0), 15.0, -15.0, 0
(543.0, 200.0), (693.0, 350.0), 15.0, -15.0, 0
(544.0, 200.0), (694.0, 350.0), 15.0, -15.0, 0
(545.0, 200.0), (695.0, 350.0), 15.0, -15.0, 0
(546.0, 200.0), (696.0, 350.0), 15.0, -15.0, 0
(547.0, 200.0), (697.0, 350.0), 15.0, -15.0, 0
(548.0, 200.0), (698.0, 350.0), 15.0, -15.0, 0
(549.0, 200.0), (699.0, 350.0), 15.0, -15.0, 0
(550.0, 200.0), (700.0, 350.0), 15.0, -15.0, 0
(551.0, 200.0), (701.0, 350.0), 15.0, -15.0, 0
(552.0, 200.0), (702.0, 350.0), 15.0, -15.0, 0
(553.0, 200.0), (703.0, 350.0), 15.0, -15.0, 0
(554.0, 200.0), (704.0, 350.0), 15.0, -15.0, 0
(555.0, 200.0), (705.0, 350.0), 15.0, -15.0, 0
(556.0, 200.0), (706.0, 350.0), 15.0, -15.0, 0
(557.0, 200.0), (707.0, 350.0), 15.0, -15.0, 0
(558.0, 200.0), (708.0, 350.0), 15.0, -15.0, 0
(559.0, 200.0), (709.0, 350.0), 15.0, -15.0, 0
(560.0, 200.0), (710.0, 350.0), 15.0, -15.0, 0
(561.0, 200.0), (711.0, 350.0), 15.0, -15.0, 0
(562.0, 200.0), (712.0, 350.0), 15.0, -15.0, 0
(563.0, 200.0), (713.0, 350.0), 15.0, -15.0, 0
(564.0, 200.0), (714.0, 350.0), 15.0, -15.0, 0
(565.0, 200.0), (715.0, 350.0), 15.0, -15.0, 0
(566.0, 200.0), (716.0, 350.0), 15.0, -15.0, 0
(567.0, 200.0), (717.0, 350.0), 15.0, -15.0, 0
(568.0, 200.0), (718.0, 350.0), 15.0, -15.0, 0
(569.0, 200.0), (719.0, 350.0), 15.0, -15.0, 0
(570.0, 200.0), (720.0, 350.0), 15.0, -15.0, 0
(571.0, 200.0), (721.0, 350.0), 15.0, -15.0, 0
(572.0, 200.0), (722.0, 350.0), 15.0, -15.0, 0
(573.0, 200.0), (723.0, 350.0), 15.0, -15.0, 0
(574.0, 200.0), (724.0, 350.0), 15.0, -15.0, 0
(575.0, 200.0), (725.0, 350.0), 15.0, -15.0, 0
(576.0, 200.0), (726.0, 350.0), 15.0, -15.0, 0
(577.0, 200.0), (727.0, 350.0), 15.0, -15.0, 0
(578.0, 200.0), (728.0, 350.0), 15.0, -15.0, 0
(579.0, 200.0), (729.0, 350.0), 15.0, -15.0, 0
(580.0, 200.0), (730.0, 350.0), 15.0, -15.0, 0
(581.0, 200.0), (731.0, 350.0), 15.0, -15.0, 0
(582.0, 200.0), (732.0, 350.0), 15.0, -15.0, 0
(583.0, 200.0), (733.0, 350.0), 15.0, -15.0, 0
(584.0, 200.0), (734.0, 350.0), 15.0, -15.0, 0
(585.0, 200.0), (735.0, 350.0), 15.0, -15.0, 0
(586.0, 200.0), (736.0, 350.0), 15.0, -15.0, 0
(587.0, 200.0), (737.0, 350.0), 15.0, -15.0, 0
(588.0, 200.0), (738.0, 350.0), 15.0, -15.0, 0
(589.0, 200.0), (739.0, 350.0), 15.0, -15.0, 0
(590.0, 200.0), (740.0, 350.0), 15.0, -15.0, 0
(591.0, 200.0), (741.0, 350.0), 15.0, -15.0, 0
(592.0, 200.0), (742.0, 350.0), 15.0, -15.0, 0
(593.0, 200.0), (743.0, 350.0), 15.0, -15.0, 0
(594.0, 200.0), (744.0, 350.0), 15.0, -15.0, 0
(595.0, 200.0), (745.0, 350.0), 15.0, -15.0, 0
(596.0, 200.0), (746.0, 350.0), 15.0, -15.0, 0
(597.0, 200.0), (747.0, 350.0), 15.0, -15.0, 0
(598.0, 200.0), (748.0, 350.0), 15.0, -15.0, 0
(599.0, 200.0), (749.0, 350.0), 15.0, -15.0, 0
(600.0, 200.0), (750.0, 350.0), 15.0, -15.0, 0
(601.0, 200.0), (751.0, 350.0), 15.0, -15.0, 0
(602.0, 200.0), (752.0, 350.0), 15.0, -15.0, 0
(603.0, 200.0), (753.0, 350.0), 15.0, -15.0, 0
(604.0, 200.0), (754.0, 350.0), 15.0, -15.0, 0
(605.0, 200.0), (755.0, 350.0), 15.0, -15.0, 0
(606.0, 200.0), (756.0, 350.0), 15.0, -15.0, 0
(607.0, 200.0), (757.0, 350.0), 15.0, -15.0, 0
(608.0, 200.0), (758.0, 350.0), 15.0, -15.0, 0
(609.0, 200.0), (759.0, 350.0), 15.0, -15.0, 0
(610.0, 200.0), (760.0, 350.0), 15.0, -15.0, 0
(611.0, 200.0), (761.0, 350.0), 15.0, -15.0, 0
(612.0, 200.0), (762.0, 350.0), 15.0, -15.0, 0
(613.0, 200.0), (763.0, 350.0), 15.0, -15.0, 0
(614.0, 200.0), (764.0, 350.0), 15.0, -15.0, 0
(615.0, 200.0), (765.0, 350.0), 15.0, -15.0, 0
(616.0, 200.0), (766.0, 350.0), 15.0, -15.0, 0
(617.0, 200.0), (767.0, 350.0), 15.0, -15.0, 0
(618.0, 200.0), (768.0, 350.0), 15.0, -15.0, 0
(619.0, 200.0), (769.0, 350.0), 15.0, -15.0, 0
(620.0, 200.0), (770.0, 350.0), 15.0, -15.0, 0
(621.0, 200.0), (771.0, 350.0), 15.0, -15.0, 0
(622.0, 200.0), (772.0, 350.0), 15.0, -15.0, 0
(623.0, 200.0), (773.0, 350.0), 15.0, -15.0, 0
(624.0, 200.0), (774.0, 350.0), 15.0, -15.0, 0
(625.0, 200.0), (775.0, 350.0), 15.0, -15.0, 0
(626.0, 200.0), (776.0, 350.0), 15.0, -15.0, 0
(627.0, 200.0), (777.0, 350.0), 15.0, -15.0, 0
(628.0, 200.0), (778.0, 350.0), 15.0, -15.0, 0
(629.0, 200.0), (779.0, 350.0), 15.0, -15.0, 0
(630.0, 200.0), (780.0, 350.0), 15.0, -15.0, 0
(631.0, 200.0), (781.0, 350.0), 15.0, -15.0, 0
(632.0, 200.0), (782.0, 350.0), 15.0, -15.0, 0
(633.0, 200.0), (783.0, 350.0), 15.0, -15.0, 0
(634.0, 200.0), (784.0, 350.0), 15.0, -15.0, 0
(635.0, 200.0), (785.0, 350.0), 15.0, -15.0, 0
(636.0, 200.0), (786.0, 350.0), 15.0, -15.0, 0
(637.0, 200.0), (787.0, 350.0), 15.0, -15.0, 0
(638.0, 200.0), (788.0, 350.0), 15.0, -15.0, 0
(639.0, 200.0), (789.0, 350.0), 15.0, -15.0, 0
(640.0, 200.0), (790.0, 350.0), 15.0, -15.0, 0
(641.0, 200.0), (791.0, 350.0), 15.0, -15.0, 0
(642.0, 200.0), (792.0, 350.0), 15.0, -15.0, 0
(643.0, 200.0), (793.0, 350.0), 15.0, -15.0, 0
(644.0, 200.0), (794.0, 350.0), 15.0, -15.0, 0
(645.0, 200.0), (795.0, 350.0), 15.0, -15.0, 0
(646.0, 200.0), (796.0, 350.0), 15.0, -15.0, 0
(647.0, 200.0), (797.0, 350.0), 15.0, -15.0, 0
(648.0, 200.0), (798.0, 350.0), 15.0, -15.0, 0
(649.0, 200.0), (799.0, 350.0), 15.0, -15.0, 0
(650.0, 200.0), (800.0, 350.0), 15.0, -15.0, 0
(651.0, 200.0), (801.0, 350.0), 15.0, -15.0, 0
(652.0, 200.0), (802.0, 350.0), 15.0, -15.0, 0
(653.0, 200.0), (803.0, 350.0), 15.0, -15.0, 0
(654.0, 200.0), (804.0, 350.0), 15.0, -15.0, 0
(655.0, 200.0), (805.0, 350.0), 15.0, -15.0, 0
(656.0, 200.0), (806.0, 350.0), 15.0, -15.0, 0
(657.0, 200.0), (807.0, 350.0), 15.0, -15.0, 0
(658.0, 200.0), (808.0, 350.0), 15.0, -15.0, 0
(659.0, 200.0), (809.0, 350.0), 15.0, -15.0, 0
(660.0, 200.0), (810.0, 350.0), 15.0, -15.0, 0
(661.0, 200.0), (811.0, 350.0), 15.0, -15.0, 0
(662.0, 200.0), (812.0, 350.0), 15.0, -15.0, 0
(663.0, 200.0), (813.0, 350.0), 15.0, -15.0, 0
(664.0, 200.0), (814.0, 350.0), 15.0, -15.0, 0
(665.0, 200.0), (815.0, 350.0), 15.0, -15.0, 0
(666.0, 200.0), (816.0, 350.0), 15.0, -15.0, 0
(667.0, 200.0), (817.0, 350.0), 15.0, -15.0, 0
(668.0, 200.0), (818.0, 350.0), 15.0, -15.0, 0
(669.0, 200.0), (819.0, 350.0), 15.0, -15.0, 0
(670.0, 200.0), (820.0, 350.0), 15.0, -15.0, 0
(671.0, 200.0), (821.0, 350.0), 15.0, -15.0, 0
(672.0, 200.0), (822.0, 350.0), 15.0, -15.0, 0
(673.0, 200.0), (823.0, 350.0), 15.0, -15.0, 0
(674.0, 200.0), (824.0, 350.0), 15.0, -15.0, 0
(675.0, 200.0), (825.0, 350.0), 15.0, -15.0, 0
(676.0, 200.0), (826.0, 350.0), 15.0, -15.0, 0
(677.0, 200.0), (827.0, 350.0), 15.0, -15.0, 0
(678.0, 200.0), (828.0, 350.0), 15.0, -15.0, 0
(679.0, 200.0), (829.0, 350.0), 15.0, -15.0, 0
(680.0, 200.0), (830.0, 350.0), 15.0, -15.0, 0
(681.0, 200.0), (831.0, 350.0), 15.0, -15.0, 0
(682.0, 200.0), (832.0, 350.0), 15.0, -15.0, 0
(683.0, 200.0), (833.0, 350.0), 15.0, -15.0, 0
(684.0, 200.0), (834.0, 350.0), 15.0, -15.0, 0
(685.0, 200.0), (835.0, 350.0), 15.0, -15.0, 0
(686.0, 200.0), (836.0, 350.0), 15.0, -15.0, 0
(687.0, 200.0), (837.0, 350.0), 15.0, -15.0, 0
(688.0, 200.0), (838.0, 350.0), 15.0, -15.0, 0
(689.0, 200.0), (839.0, 350.0), 15.0, -15.0, 0
(690.0, 200.0), (840.0, 350.0), 15.0, -15.0, 0
(691.0, 200.0), (841.0, 350.0), 15.0, -15.0, 0
(692.0, 200.0), (842.0, 350.0), 15.0, -15.0, 0
(693.0, 200.0), (843.0, 350.0), 15.0, -15.0, 0
(694.0, 200.0), (844.0, 350.0), 15.0, -15.0, 0
(695.0, 200.0), (845.0, 350.0), 15.0, -15.0, 0
(696.0, 200.0), (846.0, 350.0), 15.0, -15.0, 0
(697.0, 200.0), (847.0, 350.0), 15.0, -15.0, 0
(698.0, 200.0), (848.0, 350.0), 15.0, -15.0, 0
(699.0, 200.0), (849.0, 350.0), 15.0, -15.0, 0
(700.0, 200.0), (850.0, 350.0), 15.0, -15.0, 0
(701.0, 200.0), (851.0, 350.0), 15.0, -15.0, 0
(702.0, 200.0), (852.0, 350.0), 15.0, -15.0, 0
(703.0, 200.0), (853.0, 350.0), 15.0, -15.0, 0
(704.0, 200.0), (854.0, 350.0), 15.0, -15.0, 0
(705.0, 200.0), (855.0, 350.0), 15.0, -15.0, 0
(706.0, 200.0), (856.0, 350.0), 15.0, -15.0, 0
(707.0, 200.0), (857.0, 350.0), 15.0, -15.0, 0
(708.0, 200.0), (858.0, 350.0), 15.0, -15.0, 0
(709.0, 200.0), (859.0, 350.0), 15.0, -15.0, 0
(710.0, 200.0), (860.0, 350.0), 15.0, -15.0, 0
(711.0, 200.0), (861.0, 350.0), 15.0, -15.0, 0
(712.0, 200.0), (862.0, 350.0), 15.0, -15.0, 0
(713.0, 200.0), (863.0, 350.0), 15.0, -15.0, 0
(714.0, 200.0), (864.0, 350.0), 15.0, -15.0, 0
(715.0, 200.0), (865.0, 350.0), 15.0, -15.0, 0
(716.0, 200.0), (866.0, 350.0), 15.0, -15.0, 0
(717.0, 200.0), (867.0, 350.0), 15.0, -15.0, 0
(718.0, 200.0), (868.0, 350.0), 15.0, -15.0, 0
(719.0, 200.0), (869.0, 350.0), 15.0, -15.0, 0
(720.0, 200.0), (870.0, 350.0), 15.0, -15.0, 0
(721.0, 200.0), (871.0, 350.0), 15.0, -15.0, 0
(722.0, 200.0), (872.0, 350.0), 15.0, -15.0, 0
(723.0, 200.0), (873.0, 350.0), 15.0, -15.0, 0
(724.0, 200.0), (874.0, 350.0), 15.0, -15.0, 0
(725.0, 200.0), (875.0, 350.0), 15.0, -15.0, 0
(726.0, 200.0), (876.0, 350.0), 15.0, -15.0, 0
(727.0, 200.0), (877.0, 350.0), 15.0, -15.0, 0
(728.0, 200.0), (878.0, 350.0), 15.0, -15.0, 0
(729.0, 200.0), (879.0, 350.0), 15.0, -15.0, 0
(730.0, 200.0), (880.0, 350.0), 15.0, -15.0, 0
(731.0, 200.0), (881.0, 350.0), 15.0, -15.0, 0
(732.0, 200.0), (882.0, 350.0), 15.0, -15.0, 0
(733.0, 200.0), (883.0, 350.0), 15.0, -15.0, 0
(734.0, 200.0), (884.0, 350.0), 15.0, -15.0, 0
(735.0, 200.0), (885.0, 350.0), 15.0, -15.0, 0
(736.0, 200.0), (886.0, 350.0), 15.0, -15.0, 0
(737.0, 200.0), (887.0, 350.0), 15.0, -15.0, 0
(738.0, 200.0), (888.0, 350.0), 15.0, -15.0, 0
(739.0, 200.0), (889.0, 350.0), 15.0, -15.0, 0
(740.0, 200.0), (890.0, 350.0), 15.0, -15.0, 0
(741.0, 200.0), (891.0, 350.0), 15.0, -15.0, 0
(742.0, 200.0), (892.0, 350.0), 15.0, -15.0, 0
(743.0, 200.0), (893.0, 350.0), 15.0, -15.0, 0
(744.0, 200.0), (894.0, 350.0), 15.0, -15.0, 0
(745.0, 200.0), (895.0, 350.0), 15.0, -15.0, 0
(746.0, 200.0), (896.0, 350.0), 15.0, -15.0, 0
(747.0, 200.0), (897.0, 350.0), 15.0, -15.0, 0
(748.0, 200.0), (898.0, 350.0), 15.0, -15.0, 0
(749.0, 200.0), (899.0, 350.0), 15.0, -15.0, 0
(750.0, 200.0), (900.0, 350.0), 15.0, -15.0, 0
(751.0, 200.0), (901.0, 350.0), 15.0, -15.0, 0
(752.0, 200.0), (902.0, 350.0), 15.0, -15.0, 0
(753.0, 200.0), (903.0, 350.0), 15.0, -15.0, 0
(754.0, 200.0), (904.0, 350.0), 15.0, -15.0, 0
(755.0, 200.0), (905.0, 350.0), 15.0, -15.0, 0
(756.0, 200.0), (906.0, 350.0), 15.0, -15.0, 0
(757.0, 200.0), (907.0, 350.0), 15.0, -15.0, 0
(758.0, 200.0), (908.0, 350.0), 15.0, -15.0, 0
(759.0, 200.0), (909.0, 350.0), 15.0, -15.0, 0
(760.0, 200.0), (910.0, 350.0), 15.0, -15.0, 0
(761.0, 200.0), (911.0, 350.0), 15.0, -15.0, 0
(762.0, 200.0), (912.0, 350.0), 15.0, -15.0, 0
(763.0, 200.0), (913.0, 350.0), 15.0, -15.0, 0
(764.0, 200.0), (914.0, 350.0), 15.0, -15.0, 0
(765.0, 200.0), (915.0, 350.0), 15.0, -15.0, 0
(766.0, 200.0), (916.0, 350.0), 15.0, -15.0, 0
(767.0, 200.0), (917.0, 350.0), 15.0, -15.0, 0
(768.0, 200.0), (918.0, 350.0), 15.0, -15.0, 0
(769.0, 200.0), (919.0, 350.0), 15.0, -15.0, 0
(770.0, 200.0), (920.0, 350.0), 15.0, -15.0, 0
(771.0, 200.0), (921.0, 350.0), 15.0, -15.0, 0
(772.0, 200.0), (922.0, 350.0), 15.0, -15.0, 0
(773.0, 200.0), (923.0, 350.0), 15.0, -15.0, 0
(774.0, 200.0), (924.0, 350.0), 15.0, -15.0, 0
(775.0, 200.0), (925.0, 350.0), 15.0, -15.0, 0
(776.0, 200.0), (926.0, 350.0), 15.0, -15.0, 0
(777.0, 200.0), (927.0, 350.0), 15.0, -15.0, 0
(778.0, 200.0), (928.0, 350.0), 15.0, -15.0, 0
(779.0, 200.0), (929.0, 350.0), 15.0, -15.0, 0
(780.0, 200.0), (930.0, 350.0), 15.0, -15.0, 0
(781.0, 200.0), (931.0, 350.0), 15.0, -15.0, 0
(782.0, 200.0), (932.0, 350.0), 15.0, -15.0, 0
(783.0, 200.0), (933.0, 350.0), 15.0, -15.0, 0
(784.0, 200.0), (934.0, 350.0), 15.0, -15.0, 0
(785.0, 200.0), (935.0, 350.0), 15.0, -15.0, 0
(786.0, 200.0), (936.0, 350.0), 15.0, -15.0, 0
(787.0, 200.0), (937.0, 350.0), 15.0, -15.0, 0
(788.0, 200.0), (938.0, 350.0), 15.0, -15.0, 0
(789.0, 200.0), (939.0, 350.0), 15.0, -15.0, 0
(790.0, 200.0), (940.0, 350.0), 15.0, -15.0, 0
(791.0, 200.0), (941.0, 350.0), 15.0, -15.0, 0
(792.0, 200.0), (942.0, 350.0), 15.0, -15.0, 0
(793.0, 200.0), (943.0, 350.0), 15.0, -15.0, 0
(794.0, 200.0), (944.0, 350.0), 15.0, -15.0, 0
(795.0, 200.0), (945.0, 350.0), 15.0, -15.0, 0
(796.0, 200.0), (946.0, 350.0), 15.0, -15.0, 0
(797.0, 200.0), (947.0, 350.0), 15.0, -15.0, 0
(798.0, 200.0), (948.0, 350.0), 15.0, -15.0, 0
(799.0, 200.0), (949.0, 350.0), 15.0, -15.0, 0
